256
255
254
252
248
240
224
192
128
253
251
250
247
246
244
239
238
236
232
223
222
220
216
191
190
208
188
184
176
127
126
249
124
245
243
237
242
120
235
234
160
231
221
230
219
218
228
215
112
214
212
189
207
187
206
186
183
204
182
96
180
175
200
174
125
123
172
122
241
119
233
159
118
229
158
168
217
227
64
116
111
213
226
156
110
211
205
210
185
108
203
152
181
202
95
179
199
94
173
178
104
198
171
121
144
92
170
196
117
157
167
63
115
225
166
155
88
109
62
114
154
209
107
164
151
60
201
106
80
150
93
177
103
197
143
56
91
102
148
169
195
142
90
165
194
100
87
61
48
113
153
140
163
86
59
105
79
149
162
32
136
84
58
55
78
101
147
141
89
54
76
146
193
99
47
52
139
98
72
85
46
138
161
31
135
83
44
57
77
30
134
82
40
28
132
53
75
145
24
74
51
97
71
16
45
50
70
137
68
43
42
29
133
81
39
38
27
131
36
26
130
23
73
22
15
20
49
14
69
12
8
67
66
41
37
35
25
129
34
21
19
18
13
11
10
7
6
4
65
1
2
3
5
9
17
33
