512
511
510
508
504
496
480
448
384
256
509
507
506
503
502
500
495
494
492
488
479
478
476
472
464
447
446
444
440
432
383
382
380
416
376
368
352
255
254
252
505
501
499
493
498
248
491
490
487
477
486
475
474
484
471
240
470
468
320
463
445
462
443
442
460
439
438
436
456
431
430
224
428
381
424
379
415
378
414
375
374
412
372
367
366
408
364
192
360
351
350
400
253
348
251
250
497
247
489
246
344
485
473
483
244
239
469
482
238
467
319
461
466
318
441
236
459
437
458
316
336
435
455
429
434
454
128
223
232
427
222
426
452
312
423
377
220
413
422
373
411
371
410
420
365
370
407
216
363
406
304
362
191
359
404
190
349
399
358
347
398
249
188
346
356
208
245
343
396
243
342
481
237
242
288
465
184
317
235
340
457
315
335
392
234
433
453
127
314
334
231
221
425
451
126
311
230
219
421
450
332
310
176
218
124
409
419
369
228
215
405
308
418
303
361
214
328
403
189
302
357
120
397
402
187
345
355
212
207
395
160
300
186
341
354
206
241
287
394
183
339
391
233
286
112
182
313
333
204
296
338
125
390
229
449
331
309
175
284
180
217
123
227
330
388
307
417
200
174
122
213
327
96
226
301
306
119
280
401
211
326
172
159
299
185
118
353
205
393
210
158
298
324
285
111
64
272
181
168
203
295
116
337
389
110
156
283
179
202
294
329
387
199
173
121
282
95
178
225
108
152
292
305
279
386
198
325
171
94
117
104
278
209
196
144
170
157
297
323
92
63
271
167
115
276
322
109
155
62
270
166
201
88
293
114
154
60
281
268
177
164
107
80
151
291
385
197
56
264
106
93
150
290
103
277
195
143
48
169
148
91
102
194
142
275
32
90
100
321
61
269
140
274
165
87
113
136
86
153
59
267
163
79
84
58
266
162
78
55
263
105
149
289
76
54
262
72
47
52
260
147
101
46
146
193
141
31
44
89
99
30
40
139
273
98
28
138
24
135
85
16
134
132
83
57
265
82
161
77
75
53
261
74
71
51
259
70
50
258
68
45
145
43
42
29
39
38
97
27
36
26
137
23
22
15
20
133
14
12
131
8
130
81
73
49
69
257
1
2
3
4
5
6
7
9
10
11
13
17
18
19
21
25
33
34
35
37
41
65
66
67
129
