1024
1023
1022
1020
1016
1008
992
960
896
768
512
1021
1019
1018
1015
1014
1012
1007
1006
1004
1000
991
990
988
984
976
959
958
956
952
944
928
895
894
892
888
880
864
767
766
764
760
832
752
736
704
511
510
508
1017
1013
504
1011
1005
1010
1003
1002
999
989
998
987
986
996
496
983
982
980
975
957
974
955
954
972
951
950
948
968
943
942
480
940
936
927
640
893
926
891
890
924
887
886
884
920
879
878
876
872
912
863
862
860
448
856
765
763
762
759
848
758
831
830
756
751
828
750
748
824
744
735
734
732
816
728
384
703
720
702
700
509
800
507
506
503
696
1009
502
1001
997
500
985
995
495
981
994
494
979
973
978
492
953
971
688
949
970
947
967
941
946
966
488
479
939
478
938
964
935
639
476
925
934
638
889
923
885
922
932
636
883
919
877
882
472
918
875
874
916
632
672
871
911
861
870
910
859
858
868
908
447
256
855
446
464
854
444
761
852
904
624
847
757
829
846
755
827
749
754
440
826
844
747
823
746
822
743
733
742
820
840
731
815
730
740
814
727
432
726
812
608
724
383
719
382
701
718
699
808
799
380
698
505
798
716
695
501
694
499
796
993
493
498
376
692
977
491
712
687
416
969
490
686
945
965
487
792
477
937
963
486
684
475
933
962
637
474
921
931
484
635
576
881
471
917
930
368
634
873
470
915
631
671
680
869
909
914
630
670
784
857
867
468
907
255
445
463
853
866
906
254
628
668
443
462
851
903
623
442
845
850
902
252
622
753
439
825
460
843
745
438
821
842
900
664
620
741
819
352
839
729
739
436
813
248
818
838
431
725
738
456
811
607
430
723
810
616
836
381
606
717
722
807
379
697
428
797
715
656
806
378
604
693
795
714
497
375
240
691
794
711
415
804
489
374
685
690
791
710
424
414
485
683
961
790
320
600
473
483
372
575
682
929
367
708
633
412
469
482
574
679
913
788
366
629
669
783
467
678
865
905
253
627
667
782
461
466
572
224
441
364
849
901
251
621
626
666
408
459
592
676
437
841
899
250
663
619
780
458
351
435
247
817
837
898
662
618
737
455
350
568
429
360
434
246
809
615
835
605
454
721
427
660
655
776
805
614
834
400
377
603
348
713
244
239
426
793
654
192
803
452
373
602
689
709
423
413
612
238
560
789
319
599
802
371
681
707
422
411
652
344
481
573
787
318
598
365
370
236
677
706
410
781
465
571
223
786
363
420
625
665
407
591
675
316
596
249
779
648
457
570
222
128
544
362
897
336
661
406
617
590
232
674
349
567
359
433
245
778
453
659
775
220
613
833
312
399
566
347
358
404
588
243
425
653
191
451
601
658
774
398
611
237
346
559
801
242
564
190
421
356
450
651
216
343
317
597
304
584
610
369
558
235
705
772
409
396
785
650
342
419
188
315
595
234
647
569
221
127
543
361
208
556
335
405
589
231
418
673
392
288
340
777
314
594
646
184
126
542
219
311
334
565
230
357
403
552
587
657
773
644
397
218
345
310
124
540
332
241
402
176
563
586
228
189
355
449
215
303
583
609
557
771
395
308
120
562
536
354
649
341
328
214
160
187
302
582
233
770
394
207
555
112
417
528
212
186
391
287
339
300
313
593
580
645
206
183
554
125
541
333
229
390
286
96
338
551
296
182
204
643
217
309
123
539
388
284
550
64
331
401
175
585
227
180
200
642
122
538
280
548
330
174
226
307
119
561
535
353
327
213
159
272
172
301
581
306
118
534
769
393
326
158
168
111
527
211
185
116
532
324
299
579
156
110
526
205
210
553
298
578
152
389
285
95
337
108
524
295
181
144
203
94
104
520
294
387
283
549
202
63
92
292
179
386
282
199
641
62
88
121
537
279
178
547
329
198
173
60
225
80
278
546
196
56
271
276
171
305
48
117
533
270
170
325
32
157
268
167
115
531
264
166
323
155
114
530
164
322
109
525
209
154
297
577
151
107
523
150
106
522
143
148
93
103
519
142
293
102
518
201
140
91
100
516
136
291
90
385
281
290
61
87
86
177
197
59
79
84
58
277
78
545
195
55
76
194
54
275
72
47
52
274
269
46
169
31
44
267
30
40
266
28
263
24
165
262
16
113
529
260
163
321
162
153
149
105
521
147
146
141
101
517
139
98
99
138
514
89
135
515
1
2
3
4
5
6
7
8
9
10
11
12
13
14
15
17
18
19
20
21
22
23
25
26
27
29
33
34
35
36
37
38
39
41
42
43
45
49
50
51
53
57
65
66
67
68
69
70
71
73
74
75
77
81
82
83
85
97
129
130
131
132
133
134
137
145
161
193
257
258
259
261
265
273
289
513
