256
252
248
240
224
192
254
250
128
246
244
238
236
232
222
220
216
223
239
247
251
255
191
253
190
188
208
184
249
127
245
126
243
176
237
242
124
235
234
231
221
120
230
219
218
160
228
215
214
189
112
187
212
207
186
206
183
182
204
96
125
175
180
241
123
174
200
233
122
119
229
172
217
159
118
227
64
213
158
226
111
168
116
211
185
110
156
205
210
181
203
108
95
152
179
202
94
173
199
121
178
104
198
171
92
144
117
63
170
157
225
196
167
115
62
88
109
155
166
114
209
60
154
107
80
151
164
201
93
106
56
177
103
150
197
91
143
48
102
148
169
32
195
90
142
61
100
87
194
165
113
140
59
86
153
79
136
163
58
84
105
55
78
149
162
54
16
76
72
47
101
52
147
31
40
46
24
89
141
146
44
8
99
30
28
193
98
139
85
132
138
4
12
20
36
68
135
134
57
82
83
14
74
77
50
70
2
6
10
18
22
26
34
38
42
66
130
161
53
15
75
71
51
23
39
45
7
43
145
27
29
1
3
5
9
11
13
17
19
21
25
33
35
37
41
49
65
67
69
73
81
97
129
131
133
137
